v1(f1.txt)(1, 2, 3, 4, 5, 6) 
v2(f1.txt)(1, 2, 3, 4, 5, 7) 
v3(f1.txt)(1, 2, 3, 4, 5, 8) 
v4(f1.txt)(1, 2, 3, 4, 5, 9) 
v5(f1.txt)(1, 2, 3, 4, 5, 10) 
v6(f1.txt)(1, 2, 3, 4, 6, 7) 
v7(f1.txt)(1, 2, 3, 4, 6, 8) 
v8(f1.txt)(1, 2, 3, 4, 6, 9) 
v9(f1.txt)(1, 2, 3, 4, 6, 10) 
v10(f1.txt)(1, 2, 3, 4, 7, 8) 
v11(f1.txt)(1, 2, 3, 4, 7, 9) 
v12(f1.txt)(1, 2, 3, 4, 7, 10) 
v13(f1.txt)(1, 2, 3, 4, 8, 9) 
v14(f1.txt)(1, 2, 3, 4, 8, 10) 
v15(f1.txt)(1, 2, 3, 4, 9, 10) 
v16(f1.txt)(1, 2, 3, 5, 6, 7) 
v17(f1.txt)(1, 2, 3, 5, 6, 8) 
v18(f1.txt)(1, 2, 3, 5, 6, 9) 
v19(f1.txt)(1, 2, 3, 5, 6, 10) 
v20(f1.txt)(1, 2, 3, 5, 7, 8) 
v21(f1.txt)(1, 2, 3, 5, 7, 9) 
v22(f1.txt)(1, 2, 3, 5, 7, 10) 
v23(f1.txt)(1, 2, 3, 5, 8, 9) 
v24(f1.txt)(1, 2, 3, 5, 8, 10) 
v25(f1.txt)(1, 2, 3, 5, 9, 10) 
v26(f1.txt)(1, 2, 3, 6, 7, 8) 
v27(f1.txt)(1, 2, 3, 6, 7, 9) 
v28(f1.txt)(1, 2, 3, 6, 7, 10) 
v29(f1.txt)(1, 2, 3, 6, 8, 9) 
v30(f1.txt)(1, 2, 3, 6, 8, 10) 
v31(f1.txt)(1, 2, 3, 6, 9, 10) 
v32(f1.txt)(1, 2, 3, 7, 8, 9) 
v33(f1.txt)(1, 2, 3, 7, 8, 10) 
v34(f1.txt)(1, 2, 3, 7, 9, 10) 
v35(f1.txt)(1, 2, 3, 8, 9, 10) 
v36(f1.txt)(1, 2, 4, 5, 6, 7) 
v37(f1.txt)(1, 2, 4, 5, 6, 8) 
v38(f1.txt)(1, 2, 4, 5, 6, 9) 
v39(f1.txt)(1, 2, 4, 5, 6, 10) 
v40(f1.txt)(1, 2, 4, 5, 7, 8) 
v41(f1.txt)(1, 2, 4, 5, 7, 9) 
v42(f1.txt)(1, 2, 4, 5, 7, 10) 
v43(f1.txt)(1, 2, 4, 5, 8, 9) 
v44(f1.txt)(1, 2, 4, 5, 8, 10) 
v45(f1.txt)(1, 2, 4, 5, 9, 10) 
v46(f1.txt)(1, 2, 4, 6, 7, 8) 
v47(f1.txt)(1, 2, 4, 6, 7, 9) 
v48(f1.txt)(1, 2, 4, 6, 7, 10) 
v49(f1.txt)(1, 2, 4, 6, 8, 9) 
v50(f1.txt)(1, 2, 4, 6, 8, 10) 
v51(f1.txt)(1, 2, 4, 6, 9, 10) 
v52(f1.txt)(1, 2, 4, 7, 8, 9) 
v53(f1.txt)(1, 2, 4, 7, 8, 10) 
v54(f1.txt)(1, 2, 4, 7, 9, 10) 
v55(f1.txt)(1, 2, 4, 8, 9, 10) 
v56(f1.txt)(1, 2, 5, 6, 7, 8) 
v57(f1.txt)(1, 2, 5, 6, 7, 9) 
v58(f1.txt)(1, 2, 5, 6, 7, 10) 
v59(f1.txt)(1, 2, 5, 6, 8, 9) 
v60(f1.txt)(1, 2, 5, 6, 8, 10) 
v61(f1.txt)(1, 2, 5, 6, 9, 10) 
v62(f1.txt)(1, 2, 5, 7, 8, 9) 
v63(f1.txt)(1, 2, 5, 7, 8, 10) 
v64(f1.txt)(1, 2, 5, 7, 9, 10) 
v65(f1.txt)(1, 2, 5, 8, 9, 10) 
v66(f1.txt)(1, 2, 6, 7, 8, 9) 
v67(f1.txt)(1, 2, 6, 7, 8, 10) 
v68(f1.txt)(1, 2, 6, 7, 9, 10) 
v69(f1.txt)(1, 2, 6, 8, 9, 10) 
v70(f1.txt)(1, 2, 7, 8, 9, 10) 
v71(f1.txt)(1, 3, 4, 5, 6, 7) 
v72(f1.txt)(1, 3, 4, 5, 6, 8) 
v73(f1.txt)(1, 3, 4, 5, 6, 9) 
v74(f1.txt)(1, 3, 4, 5, 6, 10) 
v75(f1.txt)(1, 3, 4, 5, 7, 8) 
v76(f1.txt)(1, 3, 4, 5, 7, 9) 
v77(f1.txt)(1, 3, 4, 5, 7, 10) 
v78(f1.txt)(1, 3, 4, 5, 8, 9) 
v79(f1.txt)(1, 3, 4, 5, 8, 10) 
v80(f1.txt)(1, 3, 4, 5, 9, 10) 
v81(f1.txt)(1, 3, 4, 6, 7, 8) 
v82(f1.txt)(1, 3, 4, 6, 7, 9) 
v83(f1.txt)(1, 3, 4, 6, 7, 10) 
v84(f1.txt)(1, 3, 4, 6, 8, 9) 
v85(f1.txt)(1, 3, 4, 6, 8, 10) 
v86(f1.txt)(1, 3, 4, 6, 9, 10) 
v87(f1.txt)(1, 3, 4, 7, 8, 9) 
v88(f1.txt)(1, 3, 4, 7, 8, 10) 
v89(f1.txt)(1, 3, 4, 7, 9, 10) 
v90(f1.txt)(1, 3, 4, 8, 9, 10) 
v91(f1.txt)(1, 3, 5, 6, 7, 8) 
v92(f1.txt)(1, 3, 5, 6, 7, 9) 
v93(f1.txt)(1, 3, 5, 6, 7, 10) 
v94(f1.txt)(1, 3, 5, 6, 8, 9) 
v95(f1.txt)(1, 3, 5, 6, 8, 10) 
v96(f1.txt)(1, 3, 5, 6, 9, 10) 
v97(f1.txt)(1, 3, 5, 7, 8, 9) 
v98(f1.txt)(1, 3, 5, 7, 8, 10) 
v99(f1.txt)(1, 3, 5, 7, 9, 10) 
v100(f1.txt)(1, 3, 5, 8, 9, 10) 
v101(f1.txt)(1, 3, 6, 7, 8, 9) 
v102(f1.txt)(1, 3, 6, 7, 8, 10) 
v103(f1.txt)(1, 3, 6, 7, 9, 10) 
v104(f1.txt)(1, 3, 6, 8, 9, 10) 
v105(f1.txt)(1, 3, 7, 8, 9, 10) 
v106(f1.txt)(1, 4, 5, 6, 7, 8) 
v107(f1.txt)(1, 4, 5, 6, 7, 9) 
v108(f1.txt)(1, 4, 5, 6, 7, 10) 
v109(f1.txt)(1, 4, 5, 6, 8, 9) 
v110(f1.txt)(1, 4, 5, 6, 8, 10) 
v111(f1.txt)(1, 4, 5, 6, 9, 10) 
v112(f1.txt)(1, 4, 5, 7, 8, 9) 
v113(f1.txt)(1, 4, 5, 7, 8, 10) 
v114(f1.txt)(1, 4, 5, 7, 9, 10) 
v115(f1.txt)(1, 4, 5, 8, 9, 10) 
v116(f1.txt)(1, 4, 6, 7, 8, 9) 
v117(f1.txt)(1, 4, 6, 7, 8, 10) 
v118(f1.txt)(1, 4, 6, 7, 9, 10) 
v119(f1.txt)(1, 4, 6, 8, 9, 10) 
v120(f1.txt)(1, 4, 7, 8, 9, 10) 
v121(f1.txt)(1, 5, 6, 7, 8, 9) 
v122(f1.txt)(1, 5, 6, 7, 8, 10) 
v123(f1.txt)(1, 5, 6, 7, 9, 10) 
v124(f1.txt)(1, 5, 6, 8, 9, 10) 
v125(f1.txt)(1, 5, 7, 8, 9, 10) 
v126(f1.txt)(1, 6, 7, 8, 9, 10) 
v127(f1.txt)(2, 3, 4, 5, 6, 7) 
v128(f1.txt)(2, 3, 4, 5, 6, 8) 
v129(f1.txt)(2, 3, 4, 5, 6, 9) 
v130(f1.txt)(2, 3, 4, 5, 6, 10) 
v131(f1.txt)(2, 3, 4, 5, 7, 8) 
v132(f1.txt)(2, 3, 4, 5, 7, 9) 
v133(f1.txt)(2, 3, 4, 5, 7, 10) 
v134(f1.txt)(2, 3, 4, 5, 8, 9) 
v135(f1.txt)(2, 3, 4, 5, 8, 10) 
v136(f1.txt)(2, 3, 4, 5, 9, 10) 
v137(f1.txt)(2, 3, 4, 6, 7, 8) 
v138(f1.txt)(2, 3, 4, 6, 7, 9) 
v139(f1.txt)(2, 3, 4, 6, 7, 10) 
v140(f1.txt)(2, 3, 4, 6, 8, 9) 
v141(f1.txt)(2, 3, 4, 6, 8, 10) 
v142(f1.txt)(2, 3, 4, 6, 9, 10) 
v143(f1.txt)(2, 3, 4, 7, 8, 9) 
v144(f1.txt)(2, 3, 4, 7, 8, 10) 
v145(f1.txt)(2, 3, 4, 7, 9, 10) 
v146(f1.txt)(2, 3, 4, 8, 9, 10) 
v147(f1.txt)(2, 3, 5, 6, 7, 8) 
v148(f1.txt)(2, 3, 5, 6, 7, 9) 
v149(f1.txt)(2, 3, 5, 6, 7, 10) 
v150(f1.txt)(2, 3, 5, 6, 8, 9) 
v151(f1.txt)(2, 3, 5, 6, 8, 10) 
v152(f1.txt)(2, 3, 5, 6, 9, 10) 
v153(f1.txt)(2, 3, 5, 7, 8, 9) 
v154(f1.txt)(2, 3, 5, 7, 8, 10) 
v155(f1.txt)(2, 3, 5, 7, 9, 10) 
v156(f1.txt)(2, 3, 5, 8, 9, 10) 
v157(f1.txt)(2, 3, 6, 7, 8, 9) 
v158(f1.txt)(2, 3, 6, 7, 8, 10) 
v159(f1.txt)(2, 3, 6, 7, 9, 10) 
v160(f1.txt)(2, 3, 6, 8, 9, 10) 
v161(f1.txt)(2, 3, 7, 8, 9, 10) 
v162(f1.txt)(2, 4, 5, 6, 7, 8) 
v163(f1.txt)(2, 4, 5, 6, 7, 9) 
v164(f1.txt)(2, 4, 5, 6, 7, 10) 
v165(f1.txt)(2, 4, 5, 6, 8, 9) 
v166(f1.txt)(2, 4, 5, 6, 8, 10) 
v167(f1.txt)(2, 4, 5, 6, 9, 10) 
v168(f1.txt)(2, 4, 5, 7, 8, 9) 
v169(f1.txt)(2, 4, 5, 7, 8, 10) 
v170(f1.txt)(2, 4, 5, 7, 9, 10) 
v171(f1.txt)(2, 4, 5, 8, 9, 10) 
v172(f1.txt)(2, 4, 6, 7, 8, 9) 
v173(f1.txt)(2, 4, 6, 7, 8, 10) 
v174(f1.txt)(2, 4, 6, 7, 9, 10) 
v175(f1.txt)(2, 4, 6, 8, 9, 10) 
v176(f1.txt)(2, 4, 7, 8, 9, 10) 
v177(f1.txt)(2, 5, 6, 7, 8, 9) 
v178(f1.txt)(2, 5, 6, 7, 8, 10) 
v179(f1.txt)(2, 5, 6, 7, 9, 10) 
v180(f1.txt)(2, 5, 6, 8, 9, 10) 
v181(f1.txt)(2, 5, 7, 8, 9, 10) 
v182(f1.txt)(2, 6, 7, 8, 9, 10) 
v183(f1.txt)(3, 4, 5, 6, 7, 8) 
v184(f1.txt)(3, 4, 5, 6, 7, 9) 
v185(f1.txt)(3, 4, 5, 6, 7, 10) 
v186(f1.txt)(3, 4, 5, 6, 8, 9) 
v187(f1.txt)(3, 4, 5, 6, 8, 10) 
v188(f1.txt)(3, 4, 5, 6, 9, 10) 
v189(f1.txt)(3, 4, 5, 7, 8, 9) 
v190(f1.txt)(3, 4, 5, 7, 8, 10) 
v191(f1.txt)(3, 4, 5, 7, 9, 10) 
v192(f1.txt)(3, 4, 5, 8, 9, 10) 
v193(f1.txt)(3, 4, 6, 7, 8, 9) 
v194(f1.txt)(3, 4, 6, 7, 8, 10) 
v195(f1.txt)(3, 4, 6, 7, 9, 10) 
v196(f1.txt)(3, 4, 6, 8, 9, 10) 
v197(f1.txt)(3, 4, 7, 8, 9, 10) 
v198(f1.txt)(3, 5, 6, 7, 8, 9) 
v199(f1.txt)(3, 5, 6, 7, 8, 10) 
v200(f1.txt)(3, 5, 6, 7, 9, 10) 
v201(f1.txt)(3, 5, 6, 8, 9, 10) 
v202(f1.txt)(3, 5, 7, 8, 9, 10) 
v203(f1.txt)(3, 6, 7, 8, 9, 10) 
v204(f1.txt)(4, 5, 6, 7, 8, 9) 
v205(f1.txt)(4, 5, 6, 7, 8, 10) 
v206(f1.txt)(4, 5, 6, 7, 9, 10) 
v207(f1.txt)(4, 5, 6, 8, 9, 10) 
v208(f1.txt)(4, 5, 7, 8, 9, 10) 
v209(f1.txt)(4, 6, 7, 8, 9, 10) 
v210(f1.txt)(5, 6, 7, 8, 9, 10) 
