v1(f2.txt)(1, 2, 3, 4, 5) 
v2(f2.txt)(1, 2, 3, 4, 6) 
v3(f2.txt)(1, 2, 3, 4, 7) 
v4(f2.txt)(1, 2, 3, 4, 8) 
v5(f2.txt)(1, 2, 3, 4, 9) 
v6(f2.txt)(1, 2, 3, 4, 10) 
v7(f2.txt)(1, 2, 3, 5, 6) 
v8(f2.txt)(1, 2, 3, 5, 7) 
v9(f2.txt)(1, 2, 3, 5, 8) 
v10(f2.txt)(1, 2, 3, 5, 9) 
v11(f2.txt)(1, 2, 3, 5, 10) 
v12(f2.txt)(1, 2, 3, 6, 7) 
v13(f2.txt)(1, 2, 3, 6, 8) 
v14(f2.txt)(1, 2, 3, 6, 9) 
v15(f2.txt)(1, 2, 3, 6, 10) 
v16(f2.txt)(1, 2, 3, 7, 8) 
v17(f2.txt)(1, 2, 3, 7, 9) 
v18(f2.txt)(1, 2, 3, 7, 10) 
v19(f2.txt)(1, 2, 3, 8, 9) 
v20(f2.txt)(1, 2, 3, 8, 10) 
v21(f2.txt)(1, 2, 3, 9, 10) 
v22(f2.txt)(1, 2, 4, 5, 6) 
v23(f2.txt)(1, 2, 4, 5, 7) 
v24(f2.txt)(1, 2, 4, 5, 8) 
v25(f2.txt)(1, 2, 4, 5, 9) 
v26(f2.txt)(1, 2, 4, 5, 10) 
v27(f2.txt)(1, 2, 4, 6, 7) 
v28(f2.txt)(1, 2, 4, 6, 8) 
v29(f2.txt)(1, 2, 4, 6, 9) 
v30(f2.txt)(1, 2, 4, 6, 10) 
v31(f2.txt)(1, 2, 4, 7, 8) 
v32(f2.txt)(1, 2, 4, 7, 9) 
v33(f2.txt)(1, 2, 4, 7, 10) 
v34(f2.txt)(1, 2, 4, 8, 9) 
v35(f2.txt)(1, 2, 4, 8, 10) 
v36(f2.txt)(1, 2, 4, 9, 10) 
v37(f2.txt)(1, 2, 5, 6, 7) 
v38(f2.txt)(1, 2, 5, 6, 8) 
v39(f2.txt)(1, 2, 5, 6, 9) 
v40(f2.txt)(1, 2, 5, 6, 10) 
v41(f2.txt)(1, 2, 5, 7, 8) 
v42(f2.txt)(1, 2, 5, 7, 9) 
v43(f2.txt)(1, 2, 5, 7, 10) 
v44(f2.txt)(1, 2, 5, 8, 9) 
v45(f2.txt)(1, 2, 5, 8, 10) 
v46(f2.txt)(1, 2, 5, 9, 10) 
v47(f2.txt)(1, 2, 6, 7, 8) 
v48(f2.txt)(1, 2, 6, 7, 9) 
v49(f2.txt)(1, 2, 6, 7, 10) 
v50(f2.txt)(1, 2, 6, 8, 9) 
v51(f2.txt)(1, 2, 6, 8, 10) 
v52(f2.txt)(1, 2, 6, 9, 10) 
v53(f2.txt)(1, 2, 7, 8, 9) 
v54(f2.txt)(1, 2, 7, 8, 10) 
v55(f2.txt)(1, 2, 7, 9, 10) 
v56(f2.txt)(1, 2, 8, 9, 10) 
v57(f2.txt)(1, 3, 4, 5, 6) 
v58(f2.txt)(1, 3, 4, 5, 7) 
v59(f2.txt)(1, 3, 4, 5, 8) 
v60(f2.txt)(1, 3, 4, 5, 9) 
v61(f2.txt)(1, 3, 4, 5, 10) 
v62(f2.txt)(1, 3, 4, 6, 7) 
v63(f2.txt)(1, 3, 4, 6, 8) 
v64(f2.txt)(1, 3, 4, 6, 9) 
v65(f2.txt)(1, 3, 4, 6, 10) 
v66(f2.txt)(1, 3, 4, 7, 8) 
v67(f2.txt)(1, 3, 4, 7, 9) 
v68(f2.txt)(1, 3, 4, 7, 10) 
v69(f2.txt)(1, 3, 4, 8, 9) 
v70(f2.txt)(1, 3, 4, 8, 10) 
v71(f2.txt)(1, 3, 4, 9, 10) 
v72(f2.txt)(1, 3, 5, 6, 7) 
v73(f2.txt)(1, 3, 5, 6, 8) 
v74(f2.txt)(1, 3, 5, 6, 9) 
v75(f2.txt)(1, 3, 5, 6, 10) 
v76(f2.txt)(1, 3, 5, 7, 8) 
v77(f2.txt)(1, 3, 5, 7, 9) 
v78(f2.txt)(1, 3, 5, 7, 10) 
v79(f2.txt)(1, 3, 5, 8, 9) 
v80(f2.txt)(1, 3, 5, 8, 10) 
v81(f2.txt)(1, 3, 5, 9, 10) 
v82(f2.txt)(1, 3, 6, 7, 8) 
v83(f2.txt)(1, 3, 6, 7, 9) 
v84(f2.txt)(1, 3, 6, 7, 10) 
v85(f2.txt)(1, 3, 6, 8, 9) 
v86(f2.txt)(1, 3, 6, 8, 10) 
v87(f2.txt)(1, 3, 6, 9, 10) 
v88(f2.txt)(1, 3, 7, 8, 9) 
v89(f2.txt)(1, 3, 7, 8, 10) 
v90(f2.txt)(1, 3, 7, 9, 10) 
v91(f2.txt)(1, 3, 8, 9, 10) 
v92(f2.txt)(1, 4, 5, 6, 7) 
v93(f2.txt)(1, 4, 5, 6, 8) 
v94(f2.txt)(1, 4, 5, 6, 9) 
v95(f2.txt)(1, 4, 5, 6, 10) 
v96(f2.txt)(1, 4, 5, 7, 8) 
v97(f2.txt)(1, 4, 5, 7, 9) 
v98(f2.txt)(1, 4, 5, 7, 10) 
v99(f2.txt)(1, 4, 5, 8, 9) 
v100(f2.txt)(1, 4, 5, 8, 10) 
v101(f2.txt)(1, 4, 5, 9, 10) 
v102(f2.txt)(1, 4, 6, 7, 8) 
v103(f2.txt)(1, 4, 6, 7, 9) 
v104(f2.txt)(1, 4, 6, 7, 10) 
v105(f2.txt)(1, 4, 6, 8, 9) 
v106(f2.txt)(1, 4, 6, 8, 10) 
v107(f2.txt)(1, 4, 6, 9, 10) 
v108(f2.txt)(1, 4, 7, 8, 9) 
v109(f2.txt)(1, 4, 7, 8, 10) 
v110(f2.txt)(1, 4, 7, 9, 10) 
v111(f2.txt)(1, 4, 8, 9, 10) 
v112(f2.txt)(1, 5, 6, 7, 8) 
v113(f2.txt)(1, 5, 6, 7, 9) 
v114(f2.txt)(1, 5, 6, 7, 10) 
v115(f2.txt)(1, 5, 6, 8, 9) 
v116(f2.txt)(1, 5, 6, 8, 10) 
v117(f2.txt)(1, 5, 6, 9, 10) 
v118(f2.txt)(1, 5, 7, 8, 9) 
v119(f2.txt)(1, 5, 7, 8, 10) 
v120(f2.txt)(1, 5, 7, 9, 10) 
v121(f2.txt)(1, 5, 8, 9, 10) 
v122(f2.txt)(1, 6, 7, 8, 9) 
v123(f2.txt)(1, 6, 7, 8, 10) 
v124(f2.txt)(1, 6, 7, 9, 10) 
v125(f2.txt)(1, 6, 8, 9, 10) 
v126(f2.txt)(1, 7, 8, 9, 10) 
v127(f2.txt)(2, 3, 4, 5, 6) 
v128(f2.txt)(2, 3, 4, 5, 7) 
v129(f2.txt)(2, 3, 4, 5, 8) 
v130(f2.txt)(2, 3, 4, 5, 9) 
v131(f2.txt)(2, 3, 4, 5, 10) 
v132(f2.txt)(2, 3, 4, 6, 7) 
v133(f2.txt)(2, 3, 4, 6, 8) 
v134(f2.txt)(2, 3, 4, 6, 9) 
v135(f2.txt)(2, 3, 4, 6, 10) 
v136(f2.txt)(2, 3, 4, 7, 8) 
v137(f2.txt)(2, 3, 4, 7, 9) 
v138(f2.txt)(2, 3, 4, 7, 10) 
v139(f2.txt)(2, 3, 4, 8, 9) 
v140(f2.txt)(2, 3, 4, 8, 10) 
v141(f2.txt)(2, 3, 4, 9, 10) 
v142(f2.txt)(2, 3, 5, 6, 7) 
v143(f2.txt)(2, 3, 5, 6, 8) 
v144(f2.txt)(2, 3, 5, 6, 9) 
v145(f2.txt)(2, 3, 5, 6, 10) 
v146(f2.txt)(2, 3, 5, 7, 8) 
v147(f2.txt)(2, 3, 5, 7, 9) 
v148(f2.txt)(2, 3, 5, 7, 10) 
v149(f2.txt)(2, 3, 5, 8, 9) 
v150(f2.txt)(2, 3, 5, 8, 10) 
v151(f2.txt)(2, 3, 5, 9, 10) 
v152(f2.txt)(2, 3, 6, 7, 8) 
v153(f2.txt)(2, 3, 6, 7, 9) 
v154(f2.txt)(2, 3, 6, 7, 10) 
v155(f2.txt)(2, 3, 6, 8, 9) 
v156(f2.txt)(2, 3, 6, 8, 10) 
v157(f2.txt)(2, 3, 6, 9, 10) 
v158(f2.txt)(2, 3, 7, 8, 9) 
v159(f2.txt)(2, 3, 7, 8, 10) 
v160(f2.txt)(2, 3, 7, 9, 10) 
v161(f2.txt)(2, 3, 8, 9, 10) 
v162(f2.txt)(2, 4, 5, 6, 7) 
v163(f2.txt)(2, 4, 5, 6, 8) 
v164(f2.txt)(2, 4, 5, 6, 9) 
v165(f2.txt)(2, 4, 5, 6, 10) 
v166(f2.txt)(2, 4, 5, 7, 8) 
v167(f2.txt)(2, 4, 5, 7, 9) 
v168(f2.txt)(2, 4, 5, 7, 10) 
v169(f2.txt)(2, 4, 5, 8, 9) 
v170(f2.txt)(2, 4, 5, 8, 10) 
v171(f2.txt)(2, 4, 5, 9, 10) 
v172(f2.txt)(2, 4, 6, 7, 8) 
v173(f2.txt)(2, 4, 6, 7, 9) 
v174(f2.txt)(2, 4, 6, 7, 10) 
v175(f2.txt)(2, 4, 6, 8, 9) 
v176(f2.txt)(2, 4, 6, 8, 10) 
v177(f2.txt)(2, 4, 6, 9, 10) 
v178(f2.txt)(2, 4, 7, 8, 9) 
v179(f2.txt)(2, 4, 7, 8, 10) 
v180(f2.txt)(2, 4, 7, 9, 10) 
v181(f2.txt)(2, 4, 8, 9, 10) 
v182(f2.txt)(2, 5, 6, 7, 8) 
v183(f2.txt)(2, 5, 6, 7, 9) 
v184(f2.txt)(2, 5, 6, 7, 10) 
v185(f2.txt)(2, 5, 6, 8, 9) 
v186(f2.txt)(2, 5, 6, 8, 10) 
v187(f2.txt)(2, 5, 6, 9, 10) 
v188(f2.txt)(2, 5, 7, 8, 9) 
v189(f2.txt)(2, 5, 7, 8, 10) 
v190(f2.txt)(2, 5, 7, 9, 10) 
v191(f2.txt)(2, 5, 8, 9, 10) 
v192(f2.txt)(2, 6, 7, 8, 9) 
v193(f2.txt)(2, 6, 7, 8, 10) 
v194(f2.txt)(2, 6, 7, 9, 10) 
v195(f2.txt)(2, 6, 8, 9, 10) 
v196(f2.txt)(2, 7, 8, 9, 10) 
v197(f2.txt)(3, 4, 5, 6, 7) 
v198(f2.txt)(3, 4, 5, 6, 8) 
v199(f2.txt)(3, 4, 5, 6, 9) 
v200(f2.txt)(3, 4, 5, 6, 10) 
v201(f2.txt)(3, 4, 5, 7, 8) 
v202(f2.txt)(3, 4, 5, 7, 9) 
v203(f2.txt)(3, 4, 5, 7, 10) 
v204(f2.txt)(3, 4, 5, 8, 9) 
v205(f2.txt)(3, 4, 5, 8, 10) 
v206(f2.txt)(3, 4, 5, 9, 10) 
v207(f2.txt)(3, 4, 6, 7, 8) 
v208(f2.txt)(3, 4, 6, 7, 9) 
v209(f2.txt)(3, 4, 6, 7, 10) 
v210(f2.txt)(3, 4, 6, 8, 9) 
v211(f2.txt)(3, 4, 6, 8, 10) 
v212(f2.txt)(3, 4, 6, 9, 10) 
v213(f2.txt)(3, 4, 7, 8, 9) 
v214(f2.txt)(3, 4, 7, 8, 10) 
v215(f2.txt)(3, 4, 7, 9, 10) 
v216(f2.txt)(3, 4, 8, 9, 10) 
v217(f2.txt)(3, 5, 6, 7, 8) 
v218(f2.txt)(3, 5, 6, 7, 9) 
v219(f2.txt)(3, 5, 6, 7, 10) 
v220(f2.txt)(3, 5, 6, 8, 9) 
v221(f2.txt)(3, 5, 6, 8, 10) 
v222(f2.txt)(3, 5, 6, 9, 10) 
v223(f2.txt)(3, 5, 7, 8, 9) 
v224(f2.txt)(3, 5, 7, 8, 10) 
v225(f2.txt)(3, 5, 7, 9, 10) 
v226(f2.txt)(3, 5, 8, 9, 10) 
v227(f2.txt)(3, 6, 7, 8, 9) 
v228(f2.txt)(3, 6, 7, 8, 10) 
v229(f2.txt)(3, 6, 7, 9, 10) 
v230(f2.txt)(3, 6, 8, 9, 10) 
v231(f2.txt)(3, 7, 8, 9, 10) 
v232(f2.txt)(4, 5, 6, 7, 8) 
v233(f2.txt)(4, 5, 6, 7, 9) 
v234(f2.txt)(4, 5, 6, 7, 10) 
v235(f2.txt)(4, 5, 6, 8, 9) 
v236(f2.txt)(4, 5, 6, 8, 10) 
v237(f2.txt)(4, 5, 6, 9, 10) 
v238(f2.txt)(4, 5, 7, 8, 9) 
v239(f2.txt)(4, 5, 7, 8, 10) 
v240(f2.txt)(4, 5, 7, 9, 10) 
v241(f2.txt)(4, 5, 8, 9, 10) 
v242(f2.txt)(4, 6, 7, 8, 9) 
v243(f2.txt)(4, 6, 7, 8, 10) 
v244(f2.txt)(4, 6, 7, 9, 10) 
v245(f2.txt)(4, 6, 8, 9, 10) 
v246(f2.txt)(4, 7, 8, 9, 10) 
v247(f2.txt)(5, 6, 7, 8, 9) 
v248(f2.txt)(5, 6, 7, 8, 10) 
v249(f2.txt)(5, 6, 7, 9, 10) 
v250(f2.txt)(5, 6, 8, 9, 10) 
v251(f2.txt)(5, 7, 8, 9, 10) 
v252(f2.txt)(6, 7, 8, 9, 10) 
